[2J[1;1H
[1;1H
____ 3943 2731 3347 1523 1667 2753 2647 1283 
1951 1979 3767 3299 1069 1483 3929 2441 3019 
2837 2767 3559 2707 3851 3041 1741 2423 2221 
3797 2521 2617 3709 1613 1049 1999 3463 1567 
2129 1289 2437 2789 2111 1451 1021 1093 2287 

[1;1H
____ ____ 1637 3167 2963 2579 3833 2459 3691 1579 
____ 3217 3943 2731 3347 1523 1667 2753 2647 1283 
2393 1951 1979 3767 3299 1069 1483 3929 2441 3019 
2311 2837 2767 3559 2707 3851 3041 1741 2423 2221 
2801 3797 2521 2617 3709 1613 1049 1999 3463 1567 
2063 2129 1289 2437 2789 2111 1451 1021 1093 2287 

[1;1H
____ ____ ____ 1901 2003 2557 2137 2549 3163 3271 3529 
____ ____ 3617 1637 3167 2963 2579 3833 2459 3691 1579 
____ 2939 3217 3943 2731 3347 1523 1667 2753 2647 1283 
2411 2393 1951 1979 3767 3299 1069 1483 3929 2441 3019 
3727 2311 2837 2767 3559 2707 3851 3041 1741 2423 2221 
2791 2801 3797 2521 2617 3709 1613 1049 1999 3463 1567 
1871 2063 2129 1289 2437 2789 2111 1451 1021 1093 2287 

[1;1H
____ ____ ____ ____ 1201 1487 3923 1721 1481 3881 1553 1361 
____ ____ ____ 2273 1901 2003 2557 2137 2549 3163 3271 3529 
____ ____ 2281 3617 1637 3167 2963 2579 3833 2459 3691 1579 
____ 2267 2939 3217 3943 2731 3347 1523 1667 2753 2647 1283 
1129 2411 2393 1951 1979 3767 3299 1069 1483 3929 2441 3019 
1669 3727 2311 2837 2767 3559 2707 3851 3041 1741 2423 2221 
3677 2791 2801 3797 2521 2617 3709 1613 1049 1999 3463 1567 
3083 1871 2063 2129 1289 2437 2789 2111 1451 1021 1093 2287 

[1;1H
____ ____ ____ ____ 1933 2203 3671 1549 2381 3733 1867 2803 
____ ____ ____ 2269 1201 1487 3923 1721 1481 3881 1553 1361 
____ ____ 2467 2273 1901 2003 2557 2137 2549 3163 3271 3529 
____ 2609 2281 3617 1637 3167 2963 2579 3833 2459 3691 1579 
2741 2267 2939 3217 3943 2731 3347 1523 1667 2753 2647 1283 
1129 2411 2393 1951 1979 3767 3299 1069 1483 3929 2441 3019 
1669 3727 2311 2837 2767 3559 2707 3851 3041 1741 2423 2221 
3677 2791 2801 3797 2521 2617 3709 1613 1049 1999 3463 1567 
3083 1871 2063 2129 1289 2437 2789 2111 1451 1021 1093 2287 

[1;1H
____ ____ ____ ____ 3527 3137 3593 3637 3761 2213 1973 1051 
____ ____ ____ 1193 1933 2203 3671 1549 2381 3733 1867 2803 
____ ____ 1327 2269 1201 1487 3923 1721 1481 3881 1553 1361 
____ 1723 2467 2273 1901 2003 2557 2137 2549 3163 3271 3529 
2659 2609 2281 3617 1637 3167 2963 2579 3833 2459 3691 1579 
2741 2267 2939 3217 3943 2731 3347 1523 1667 2753 2647 1283 
1129 2411 2393 1951 1979 3767 3299 1069 1483 3929 2441 3019 
1669 3727 2311 2837 2767 3559 2707 3851 3041 1741 2423 2221 
3677 2791 2801 3797 2521 2617 3709 1613 1049 1999 3463 1567 
3083 1871 2063 2129 1289 2437 2789 2111 1451 1021 1093 2287 

[1;1H
____ ____ ____ ____ 2953 2971 1427 3511 1783 1789 3191 2719 
____ ____ ____ 3203 3527 3137 3593 3637 3761 2213 1973 1051 
____ ____ 3547 1193 1933 2203 3671 1549 2381 3733 1867 2803 
____ 1409 1327 2269 1201 1487 3923 1721 1481 3881 1553 1361 
3803 1723 2467 2273 1901 2003 2557 2137 2549 3163 3271 3529 
2659 2609 2281 3617 1637 3167 2963 2579 3833 2459 3691 1579 
2741 2267 2939 3217 3943 2731 3347 1523 1667 2753 2647 1283 
1129 2411 2393 1951 1979 3767 3299 1069 1483 3929 2441 3019 
1669 3727 2311 2837 2767 3559 2707 3851 3041 1741 2423 2221 
3677 2791 2801 3797 2521 2617 3709 1613 1049 1999 3463 1567 
3083 1871 2063 2129 1289 2437 2789 2111 1451 1021 1093 2287 

[1;1H
____ ____ ____ ____ 1151 3539 1747 2687 3673 1367 3221 3433 
____ ____ ____ 2131 2953 2971 1427 3511 1783 1789 3191 2719 
____ ____ 1381 3203 3527 3137 3593 3637 3761 2213 1973 1051 
____ 3719 3547 1193 1933 2203 3671 1549 2381 3733 1867 2803 
2897 1409 1327 2269 1201 1487 3923 1721 1481 3881 1553 1361 
3803 1723 2467 2273 1901 2003 2557 2137 2549 3163 3271 3529 
2659 2609 2281 3617 1637 3167 2963 2579 3833 2459 3691 1579 
2741 2267 2939 3217 3943 2731 3347 1523 1667 2753 2647 1283 
1129 2411 2393 1951 1979 3767 3299 1069 1483 3929 2441 3019 
1669 3727 2311 2837 2767 3559 2707 3851 3041 1741 2423 2221 
3677 2791 2801 3797 2521 2617 3709 1613 1049 1999 3463 1567 
3083 1871 2063 2129 1289 2437 2789 2111 1451 1021 1093 2287 

[1;1H
____ ____ ____ 1699 1151 3539 1747 2687 3673 1367 3221 3433 
____ ____ 1031 2131 2953 2971 1427 3511 1783 1789 3191 2719 
____ 2351 1381 3203 3527 3137 3593 3637 3761 2213 1973 1051 
3863 3719 3547 1193 1933 2203 3671 1549 2381 3733 1867 2803 
2897 1409 1327 2269 1201 1487 3923 1721 1481 3881 1553 1361 
3803 1723 2467 2273 1901 2003 2557 2137 2549 3163 3271 3529 
2659 2609 2281 3617 1637 3167 2963 2579 3833 2459 3691 1579 
2741 2267 2939 3217 3943 2731 3347 1523 1667 2753 2647 1283 
1129 2411 2393 1951 1979 3767 3299 1069 1483 3929 2441 3019 
1669 3727 2311 2837 2767 3559 2707 3851 3041 1741 2423 2221 
3677 2791 2801 3797 2521 2617 3709 1613 1049 1999 3463 1567 
3083 1871 2063 2129 1289 2437 2789 2111 1451 1021 1093 2287 

[1;1H
____ ____ 3643 1699 1151 3539 1747 2687 3673 1367 3221 3433 
____ 1217 1031 2131 2953 2971 1427 3511 1783 1789 3191 2719 
3329 2351 1381 3203 3527 3137 3593 3637 3761 2213 1973 1051 
3863 3719 3547 1193 1933 2203 3671 1549 2381 3733 1867 2803 
2897 1409 1327 2269 1201 1487 3923 1721 1481 3881 1553 1361 
3803 1723 2467 2273 1901 2003 2557 2137 2549 3163 3271 3529 
2659 2609 2281 3617 1637 3167 2963 2579 3833 2459 3691 1579 
2741 2267 2939 3217 3943 2731 3347 1523 1667 2753 2647 1283 
1129 2411 2393 1951 1979 3767 3299 1069 1483 3929 2441 3019 
1669 3727 2311 2837 2767 3559 2707 3851 3041 1741 2423 2221 
3677 2791 2801 3797 2521 2617 3709 1613 1049 1999 3463 1567 
3083 1871 2063 2129 1289 2437 2789 2111 1451 1021 1093 2287 

[1;1H
____ 3061 3643 1699 1151 3539 1747 2687 3673 1367 3221 3433 
2141 1217 1031 2131 2953 2971 1427 3511 1783 1789 3191 2719 
3329 2351 1381 3203 3527 3137 3593 3637 3761 2213 1973 1051 
3863 3719 3547 1193 1933 2203 3671 1549 2381 3733 1867 2803 
2897 1409 1327 2269 1201 1487 3923 1721 1481 3881 1553 1361 
3803 1723 2467 2273 1901 2003 2557 2137 2549 3163 3271 3529 
2659 2609 2281 3617 1637 3167 2963 2579 3833 2459 3691 1579 
2741 2267 2939 3217 3943 2731 3347 1523 1667 2753 2647 1283 
1129 2411 2393 1951 1979 3767 3299 1069 1483 3929 2441 3019 
1669 3727 2311 2837 2767 3559 2707 3851 3041 1741 2423 2221 
3677 2791 2801 3797 2521 2617 3709 1613 1049 1999 3463 1567 
3083 1871 2063 2129 1289 2437 2789 2111 1451 1021 1093 2287 

[1;1H
3461 3061 3643 1699 1151 3539 1747 2687 3673 1367 3221 3433 
2141 1217 1031 2131 2953 2971 1427 3511 1783 1789 3191 2719 
3329 2351 1381 3203 3527 3137 3593 3637 3761 2213 1973 1051 
3863 3719 3547 1193 1933 2203 3671 1549 2381 3733 1867 2803 
2897 1409 1327 2269 1201 1487 3923 1721 1481 3881 1553 1361 
3803 1723 2467 2273 1901 2003 2557 2137 2549 3163 3271 3529 
2659 2609 2281 3617 1637 3167 2963 2579 3833 2459 3691 1579 
2741 2267 2939 3217 3943 2731 3347 1523 1667 2753 2647 1283 
1129 2411 2393 1951 1979 3767 3299 1069 1483 3929 2441 3019 
1669 3727 2311 2837 2767 3559 2707 3851 3041 1741 2423 2221 
3677 2791 2801 3797 2521 2617 3709 1613 1049 1999 3463 1567 
3083 1871 2063 2129 1289 2437 2789 2111 1451 1021 1093 2287 

The 4 corners multipled are 83775126454273
